# unix_time, cycles_done, cur_path, paths_total, pending_total, pending_favs, map_size, unique_crashes, unique_hangs, max_depth, execs_per_sec
1602047564, 0, 0, 1, 1, 1, 0.03%, 0, 0, 1, 83.33
1602047570, 0, 0, 2, 2, 1, 0.04%, 2, 0, 2, 75.39
1602047575, 0, 0, 7, 7, 1, 0.07%, 2, 0, 2, 74.79
1602047580, 0, 0, 14, 14, 1, 0.12%, 2, 0, 2, 76.34
1602047585, 0, 0, 17, 17, 1, 0.13%, 2, 0, 2, 73.03
1602047590, 0, 0, 19, 19, 1, 0.14%, 2, 0, 2, 74.29
1602047595, 0, 0, 20, 20, 1, 0.14%, 2, 0, 2, 71.17
1602047657, 0, 0, 22, 22, 1, 0.15%, 2, 0, 2, 65.23
1602047697, 0, 0, 23, 23, 1, 0.15%, 2, 0, 2, 69.86
1602047702, 0, 0, 24, 24, 1, 0.15%, 2, 0, 2, 67.30
1602047779, 0, 0, 25, 25, 1, 0.15%, 4, 0, 2, 66.60
1602047784, 0, 0, 30, 30, 1, 0.16%, 4, 0, 2, 63.04
1602047789, 0, 0, 31, 31, 1, 0.16%, 4, 0, 2, 63.48
1602047794, 0, 0, 31, 31, 1, 0.16%, 6, 0, 2, 61.70
1602047799, 0, 0, 33, 33, 1, 0.17%, 6, 0, 2, 62.93
1602047809, 0, 0, 34, 34, 1, 0.17%, 6, 0, 2, 60.40
1602047840, 0, 0, 35, 35, 1, 0.17%, 6, 0, 2, 63.09
1602047845, 0, 0, 37, 37, 1, 0.18%, 6, 0, 2, 59.56
1602047850, 0, 0, 38, 38, 1, 0.18%, 6, 0, 2, 60.54
1602047855, 0, 0, 39, 39, 1, 0.18%, 6, 0, 2, 59.00
1602047860, 0, 0, 39, 39, 1, 0.18%, 7, 0, 2, 60.76
1602047865, 0, 0, 40, 40, 1, 0.19%, 7, 0, 2, 60.18
1602047870, 0, 0, 42, 42, 1, 0.19%, 7, 0, 2, 57.10
1602047875, 0, 0, 43, 43, 1, 0.20%, 7, 0, 2, 56.04
1602047920, 0, 0, 43, 43, 1, 0.20%, 8, 0, 2, 53.14
1602047931, 0, 0, 44, 44, 1, 0.20%, 8, 0, 2, 53.63
1602047951, 0, 0, 45, 45, 1, 0.20%, 8, 0, 2, 55.47
1602047971, 0, 0, 45, 45, 1, 0.20%, 9, 0, 2, 50.25
1602048073, 0, 1, 45, 44, 25, 0.20%, 9, 0, 2, 47.48
1602048088, 0, 2, 45, 43, 24, 0.20%, 9, 0, 2, 49.33
1602048333, 0, 7, 45, 42, 23, 0.20%, 9, 0, 2, 51.51
1602048712, 0, 11, 45, 41, 22, 0.20%, 9, 0, 2, 30.93
1602048901, 0, 11, 46, 42, 22, 0.20%, 9, 0, 3, 33.20
1602049161, 0, 16, 46, 41, 22, 0.20%, 9, 0, 3, 23.06
1602049693, 0, 16, 46, 41, 22, 0.20%, 10, 0, 3, 27.20
1602049698, 0, 17, 46, 40, 21, 0.20%, 10, 0, 3, 26.79
1602049723, 0, 17, 47, 41, 21, 0.20%, 10, 0, 3, 22.43
1602050027, 0, 17, 48, 42, 21, 0.20%, 10, 0, 3, 29.99
1602050302, 0, 22, 48, 41, 20, 0.20%, 10, 0, 3, 26.90
1602051010, 0, 27, 48, 40, 19, 0.20%, 10, 0, 3, 25.31
